eye_on_hand: true
robot_effector_frame: iiwa_link_ee
tracking_base_frame: camera_link
transformation:
  qw: 0.003138721925133068
  qx: 0.733045026713254
  qy: -0.005841418536448009
  qz: 0.680147789134923
  x: -0.04903392012498564
  y: -0.01936802976885434
  z: 0.12134144702803754
